> d <- matrix(c(10, 22, 24, 24, 29, 37, 27, 22, 30, 26, 25, 42, 33, 32, 21, 32, 41, 20, 30, 21, 
+               11.5, 3.9, 5.5, 3.9, 4.1, 7.1, 4.4, 3.7, 4.8, 5.5, 4.3, 2.83, 7.52, 4.1, 4.7, 3, 19.8, 18.2, 2.9, 2.9,
+               419,  149.99,  159.99, 299,349,449,249,229,269,279,239,2649,2299,419,189,399,489,369,319,219),nrow=20,ncol=3)
> w <- c(1/3,1/3,1/3)
> cb <- c('max', 'min', 'min')
> v <- 0.3
> VIKOR(d,w,cb,v)
   Alternatives         S         R          Q Ranking
1             1 0.5395161 0.3333333 0.98514973      20
2             2 0.2293508 0.2083333 0.41261529      12
3             3 0.2412794 0.1875000 0.36268487      11
4             4 0.2283934 0.1875000 0.35347103      10
5             5 0.1869078 0.1354167 0.17765864       6
6             6 0.1758406 0.0838735 0.02511193       1
7             7 0.2002953 0.1562500 0.24569069       7
8             8 0.2359612 0.2083333 0.41734186      13
9             9 0.1795700 0.1250000 0.14318209       5
10           10 0.2363203 0.1666667 0.30067937       8
11           11 0.2178305 0.1770833 0.31668850       9
12           12 0.3333333 0.3333333 0.83772348      17
13           13 0.4725215 0.2866482 0.80624534      16
14           14 0.1649949 0.1041667 0.07430081       3
15           15 0.2606849 0.2187500 0.46424982      15
16           16 0.1407204 0.1041667 0.05694390       2
17           17 0.3889692 0.3333333 0.87750467      18
18           18 0.5602849 0.3019053 0.91181102      19
19           19 0.1489186 0.1250000 0.12126547       4
20           20 0.2293300 0.2187500 0.44183020      14